[app/ui]
version = 8.0.4.1
modtime = 1598055166.034632000

[app/launcher]
version = 8.0.4.1
modtime = 1598055166.035110000
